0
-0.53687
-0.99164
0.25584
0.57777
-0.79802
0.61728
0.15948
-0.99983
-0.36124
0.24391
0.29139
-0.21995
-0.96512
-0.18375
0.89516
-0.99452
0.95106
-0.4622
-0.7594
0.36124
0.8598
0.90587
0.61728
-0.36124
-0.92091
0.84034
-0.55749
0.68275
-0.99573
0.36124
0.9968
0.70054
0.58779
0.86603
0.89516
-0.42912
-0.54722
0.8598
-0.79802
0.24391
0.84034
-0.32654
-0.8896
-0.96183
-0.79802
0.01232
0.99846
-0.42912
-0.061561
-2.1571e-14
0.58779
-0.96828
-0.42912
0.36124
0.57777
0.29139
-0.55749
-0.8896
0.79802
-0.36124
0.3727
-0.81974
0.8598
0.62692
-0.18375
-0.4622
-0.20791
0.58779
0.89516
-0.7594
0.25584
-0.21995
0.68275
-0.96183
-0.36124
0.51592
0.7752
0.61728
-0.12289
-0.99573
0.25584
0.38411
-0.4622
1.215e-13
0.86603
-0.4622
-0.99164
-0.96512
-0.99573
-0.79802
0.3727
0.7752
-0.99983
0.98817
-0.96183
0.29139
0.95479
0.25584
-0.18375
-0.061561
0.58779
0.95106
-0.53687
-0.18375
0.36124
0.01232
-0.81974
0.61728
0.98817
0.79802
0.84034
0.99771
0.29139
-0.99573
0.62692
-0.42912
0.70054
-0.99452
-2.1175e-13
0.89516
0.9968
0.99846
0.8598
-0.12289
-0.96183
0.84034
-0.65528
0.84034
-0.96183
-0.12289
0.8598
0.99846
0.9968
0.89516
5.7228e-13
-0.99452
0.70054
-0.42912
0.62692
-0.99573
0.29139
0.99771
0.84034
0.79802
0.98817
0.61728
-0.81974
0.01232
0.36124
-0.18375
-0.53687
0.95106
0.58779
-0.061561
-0.18375
0.25584
0.95479
0.29139
-0.96183
0.98817
-0.99983
0.7752
0.3727
-0.79802
-0.99573
-0.96512
-0.99164
-0.4622
0.86603
1.664e-12
-0.4622
0.38411
0.25584
-0.99573
-0.12289
0.61728
0.7752
0.51592
-0.36124
-0.96183
0.68275
-0.21995
0.25584
-0.7594
0.89516
0.58779
-0.20791
-0.4622
-0.18375
0.62692
0.8598
-0.81974
0.3727
-0.36124
0.79802
-0.8896
-0.55749
0.29139
0.57777
0.36124
-0.42912
-0.96828
0.58779
1.9193e-13
-0.061561
-0.42912
0.99846
0.01232
-0.79802
-0.96183
-0.8896
-0.32654
0.84034
0.24391
-0.79802
0.8598
-0.54722
-0.42912
0.89516
0.86603
0.58779
0.70054
0.9968
0.36124
-0.99573
0.68275
-0.55749
0.84034
-0.92091
-0.36124
0.61728
0.90587
0.8598
0.36124
-0.7594
-0.4622
0.95106
-0.99452
0.89516
-0.18375
-0.96512
-0.21995
0.29139
0.24391
-0.36124
-0.99983
0.15948
0.61728
-0.79802
0.57777
0.25584
-0.99164
-0.53687
2.2715e-12
0
