1
0.84367
-0.129
-0.96672
0.8162
-0.60263
0.78674
-0.9872
0.018479
0.93247
0.9698
0.9566
0.97551
0.26179
-0.98297
0.44574
-0.10453
0.30902
-0.88677
0.65062
0.93247
0.51063
0.42355
0.78674
0.93247
-0.38979
-0.54205
0.83018
-0.73065
0.092268
0.93247
-0.079994
-0.71361
-0.80902
-0.5
0.44574
0.90325
-0.83699
0.51063
-0.60263
0.9698
-0.54205
-0.94518
-0.45673
-0.27366
-0.60263
-0.99992
-0.055411
0.90325
-0.9981
1
-0.80902
-0.24988
0.90325
0.93247
0.8162
0.9566
0.83018
-0.45673
-0.60263
0.93247
-0.92795
0.57274
0.51063
-0.77908
-0.98297
-0.88677
-0.97815
-0.80902
0.44574
0.65062
-0.96672
0.97551
-0.73065
-0.27366
0.93247
0.85664
0.63171
0.78674
0.99242
0.092268
-0.96672
0.92329
-0.88677
1
-0.5
-0.88677
-0.129
0.26179
0.092268
-0.60263
-0.92795
0.63171
0.018479
-0.15339
-0.27366
0.9566
-0.29728
-0.96672
-0.98297
-0.9981
-0.80902
0.30902
0.84367
-0.98297
0.93247
-0.99992
0.57274
0.78674
-0.15339
-0.60263
-0.54205
0.067708
0.9566
0.092268
-0.77908
0.90325
-0.71361
-0.10453
1
0.44574
-0.079994
-0.055411
0.51063
0.99242
-0.27366
-0.54205
0.75538
-0.54205
-0.27366
0.99242
0.51063
-0.055411
-0.079994
0.44574
1
-0.10453
-0.71361
0.90325
-0.77908
0.092268
0.9566
0.067708
-0.54205
-0.60263
-0.15339
0.78674
0.57274
-0.99992
0.93247
-0.98297
0.84367
0.30902
-0.80902
-0.9981
-0.98297
-0.96672
-0.29728
0.9566
-0.27366
-0.15339
0.018479
0.63171
-0.92795
-0.60263
0.092268
0.26179
-0.129
-0.88677
-0.5
1
-0.88677
0.92329
-0.96672
0.092268
0.99242
0.78674
0.63171
0.85664
0.93247
-0.27366
-0.73065
0.97551
-0.96672
0.65062
0.44574
-0.80902
-0.97815
-0.88677
-0.98297
-0.77908
0.51063
0.57274
-0.92795
0.93247
-0.60263
-0.45673
0.83018
0.9566
0.8162
0.93247
0.90325
-0.24988
-0.80902
1
-0.9981
0.90325
-0.055411
-0.99992
-0.60263
-0.27366
-0.45673
-0.94518
-0.54205
0.9698
-0.60263
0.51063
-0.83699
0.90325
0.44574
-0.5
-0.80902
-0.71361
-0.079994
0.93247
0.092268
-0.73065
0.83018
-0.54205
-0.38979
0.93247
0.78674
0.42355
0.51063
0.93247
0.65062
-0.88677
0.30902
-0.10453
0.44574
-0.98297
0.26179
0.97551
0.9566
0.9698
0.93247
0.018479
-0.9872
0.78674
-0.60263
0.8162
-0.96672
-0.129
0.84367
1
0
