0
-0.14079
-0.41122
-0.74968
-0.98752
-0.85348
-0.17415
0.72691
0.93119
-0.073636
-0.99644
-0.10117
0.99973
-0.28468
-0.76769
0.94699
-0.35449
-0.36881
0.82858
-0.99068
0.98391
-0.93775
0.92549
-0.96078
0.99948
-0.93668
0.63016
-0.0092128
-0.72055
0.98222
-0.28173
-0.81458
0.72479
0.65137
-0.69672
-0.85825
0.16507
0.93987
0.84374
0.22829
-0.39153
-0.77936
-0.94699
-0.99302
-0.99872
-0.99228
-0.94297
-0.76769
-0.36881
0.25808
0.86294
0.92432
0.11643
-0.88529
-0.65137
0.70111
0.67209
-0.85825
-0.19829
0.96078
-0.7851
0.095056
0.54064
-0.88954
0.9959
-0.98847
0.96808
-0.97731
0.99948
-0.95819
0.72901
-0.21031
-0.50928
0.98893
-0.63728
-0.46095
0.97599
0.10117
-0.99228
-0.28468
0.82858
0.86294
0.058315
-0.70548
-0.99617
-0.89094
-0.63016
-0.39436
-0.26697
-0.27288
-0.41122
-0.6537
-0.90963
-0.98982
-0.65602
0.13775
0.90577
0.76572
-0.39436
-0.96808
0.24023
0.93119
-0.60112
-0.49066
0.99914
-0.67209
0.003071
0.55605
-0.86294
0.97599
-0.99872
0.99973
-0.99068
0.92432
-0.70548
0.24321
0.4196
-0.94991
0.80008
0.17415
-0.98847
0.33142
0.9278
-0.28173
-0.99887
-0.32562
0.65834
0.99839
0.67889
0.11948
-0.35736
-0.65137
-0.79078
-0.82686
-0.77936
-0.62298
-0.30522
0.19227
0.74356
0.99856
0.55605
-0.46095
-0.99302
-0.10117
0.98391
0.11643
-0.99617
0.4196
0.60602
-0.99973
0.67889
-0.085881
-0.4196
0.72479
-0.86603
0.90963
-0.88954
0.78889
-0.54837
0.11033
0.47992
-0.94991
0.83875
0.039912
-0.93775
0.57127
0.75171
-0.63728
-0.86756
0.20731
0.97035
0.74356
0.003071
-0.63728
-0.94699
-0.99644
-0.93775
-0.88529
-0.89094
-0.94991
-0.99973
-0.9159
-0.54837
0.13775
0.84042
0.90963
1.7608e-14
-0.95906
-0.4196
0.90577
0.29643
-0.99973
0.38587
0.5763
-0.99617
0.80192
-0.33721
-0.10117
0.39436
-0.53805
0.55605
-0.45276
0.20731
0.19227
-0.67209
0.98893
-0.77936
-0.073636
0.92549
-0.65137
-0.63016
0.80008
0.67889
-0.54837
-0.98105
-0.32562
0.54064
0.97181
0.9278
0.65137
0.36309
0.17415
0.11948
0.20431
0.4196
0.71841
0.96652
0.92432
0.37736
-0.51981
-0.99872
-0.29936
0.86908
0.55605
-0.86756
-0.30522
0.99914
-0.50928
-0.39153
0.93119
-0.96078
0.70111
-0.39436
0.17415
-0.085881
0.13775
-0.32562
0.61816
-0.90963
0.98222
-0.5838
-0.27288
0.96808
-0.59866
-0.63016
0.83875
0.57379
-0.70548
-0.89371
0.0061419
0.82858
0.97253
0.60357
0.10117
-0.29936
-0.53805
-0.63728
-0.62298
-0.49066
-0.21031
0.22829
0.72691
0.99948
0.67209
-0.26697
-0.98847
-0.4196
0.84042
0.54064
-0.90963
-0.14383
0.96078
-0.74968
-0.015354
0.67209
-0.96808
0.98279
-0.88529
0.80192
-0.79265
0.86294
-0.96573
0.98938
-0.76769
0.18322
0.60357
-0.99872
0.39436
0.75171
-0.77936
-0.60112
0.72901
0.84374
-0.17415
-0.93668
-0.85825
-0.27288
0.33142
0.72479
0.90963
0.97181
0.98222
0.96078
0.8706
0.63016
0.16507
-0.47182
-0.96078
-0.79078
0.1681
0.98391
0.37736
-0.89915
-0.36881
0.98703
-0.19528
-0.76769
0.97253
-0.51981
-0.10117
0.57127
-0.82686
0.93119
-0.95819
0.93987
-0.85348
0.63016
-0.19829
-0.41122
0.9278
-0.86603
-1.5496e-13
0.9278
-0.5838
-0.74968
0.63016
0.87805
-0.17415
-0.95819
-0.78128
-0.073636
0.57127
0.91217
0.99973
0.97253
0.93881
0.94699
0.98703
0.98938
0.82858
0.37736
-0.33721
-0.93775
-0.79078
0.24023
0.99948
0.16507
-0.98752
-0.0092128
0.96078
-0.6537
-0.28173
0.90963
-0.95906
0.65137
-0.27288
-0.015354
0.16507
-0.17415
0.04298
0.22829
-0.60112
0.93231
-0.94699
0.39436
0.54322
-0.99228
0.18322
0.93881
-0.36881
-0.96573
0.0061419
0.92432
0.80192
0.039912
-0.65137
-0.96808
-0.97731
-0.85825
-0.74968
-0.72055
-0.7851
-0.90963
-0.99887
-0.88954
-0.4196
0.36309
0.96808
0.67209
-0.47182
-0.95819
0.22829
0.95181
-0.50928
-0.62298
0.98603
-0.46095
-0.29936
0.811
-0.99228
0.97253
-0.89915
0.86294
-0.89371
0.96652
-0.99617
0.83875
-0.35736
-0.39436
0.96808
-0.69672
-0.41122
0.98222
0.095056
-0.98982
-0.32562
0.78889
0.90577
0.17415
-0.59866
-0.96808
-0.96078
-0.78128
-0.60112
-0.50928
-0.53546
-0.67209
-0.86756
-0.99782
-0.86294
-0.29936
0.54322
0.99973
0.37736
-0.79265
-0.70548
0.71841
0.5763
-0.94991
0.11948
0.76572
-0.98847
0.65137
-0.14079
-0.28173
0.54064
-0.65602
0.65834
-0.54837
0.29643
0.11948
-0.63016
0.98279
-0.79078
-0.073636
0.93231
-0.62298
-0.67209
0.75373
0.74356
-0.45276
-0.99782
-0.46095
0.39436
0.91217
0.98391
0.80192
0.57379
0.4196
0.38587
0.47992
0.67889
0.90577
0.9959
0.72479
-5.1771e-13
-0.81458
-0.88954
0.13775
0.99839
0.11033
-0.99973
0.20431
0.83875
-0.88529
0.1681
0.57127
-0.94699
0.98603
-0.86756
0.74356
-0.69451
0.74356
-0.86756
0.98603
-0.94699
0.57127
0.1681
-0.88529
0.83875
0.20431
-0.99973
0.11033
0.99839
0.13775
-0.88954
-0.81458
3.7788e-12
0.72479
0.9959
0.90577
0.67889
0.47992
0.38587
0.4196
0.57379
0.80192
0.98391
0.91217
0.39436
-0.46095
-0.99782
-0.45276
0.74356
0.75373
-0.67209
-0.62298
0.93231
-0.073636
-0.79078
0.98279
-0.63016
0.11948
0.29643
-0.54837
0.65834
-0.65602
0.54064
-0.28173
-0.14079
0.65137
-0.98847
0.76572
0.11948
-0.94991
0.5763
0.71841
-0.70548
-0.79265
0.37736
0.99973
0.54322
-0.29936
-0.86294
-0.99782
-0.86756
-0.67209
-0.53546
-0.50928
-0.60112
-0.78128
-0.96078
-0.96808
-0.59866
0.17415
0.90577
0.78889
-0.32562
-0.98982
0.095056
0.98222
-0.41122
-0.69672
0.96808
-0.39436
-0.35736
0.83875
-0.99617
0.96652
-0.89371
0.86294
-0.89915
0.97253
-0.99228
0.811
-0.29936
-0.46095
0.98603
-0.62298
-0.50928
0.95181
0.22829
-0.95819
-0.47182
0.67209
0.96808
0.36309
-0.4196
-0.88954
-0.99887
-0.90963
-0.7851
-0.72055
-0.74968
-0.85825
-0.97731
-0.96808
-0.65137
0.039912
0.80192
0.92432
0.0061419
-0.96573
-0.36881
0.93881
0.18322
-0.99228
0.54322
0.39436
-0.94699
0.93231
-0.60112
0.22829
0.04298
-0.17415
0.16507
-0.015354
-0.27288
0.65137
-0.95906
0.90963
-0.28173
-0.6537
0.96078
-0.0092128
-0.98752
0.16507
0.99948
0.24023
-0.79078
-0.93775
-0.33721
0.37736
0.82858
0.98938
0.98703
0.94699
0.93881
0.97253
0.99973
0.91217
0.57127
-0.073636
-0.78128
-0.95819
-0.17415
0.87805
0.63016
-0.74968
-0.5838
0.9278
3.6591e-12
-0.86603
0.9278
-0.41122
-0.19829
0.63016
-0.85348
0.93987
-0.95819
0.93119
-0.82686
0.57127
-0.10117
-0.51981
0.97253
-0.76769
-0.19528
0.98703
-0.36881
-0.89915
0.37736
0.98391
0.1681
-0.79078
-0.96078
-0.47182
0.16507
0.63016
0.8706
0.96078
0.98222
0.97181
0.90963
0.72479
0.33142
-0.27288
-0.85825
-0.93668
-0.17415
0.84374
0.72901
-0.60112
-0.77936
0.75171
0.39436
-0.99872
0.60357
0.18322
-0.76769
0.98938
-0.96573
0.86294
-0.79265
0.80192
-0.88529
0.98279
-0.96808
0.67209
-0.015354
-0.74968
0.96078
-0.14383
-0.90963
0.54064
0.84042
-0.4196
-0.98847
-0.26697
0.67209
0.99948
0.72691
0.22829
-0.21031
-0.49066
-0.62298
-0.63728
-0.53805
-0.29936
0.10117
0.60357
0.97253
0.82858
0.0061419
-0.89371
-0.70548
0.57379
0.83875
-0.63016
-0.59866
0.96808
-0.27288
-0.5838
0.98222
-0.90963
0.61816
-0.32562
0.13775
-0.085881
0.17415
-0.39436
0.70111
-0.96078
0.93119
-0.39153
-0.50928
0.99914
-0.30522
-0.86756
0.55605
0.86908
-0.29936
-0.99872
-0.51981
0.37736
0.92432
0.96652
0.71841
0.4196
0.20431
0.11948
0.17415
0.36309
0.65137
0.9278
0.97181
0.54064
-0.32562
-0.98105
-0.54837
0.67889
0.80008
-0.63016
-0.65137
0.92549
-0.073636
-0.77936
0.98893
-0.67209
0.19227
0.20731
-0.45276
0.55605
-0.53805
0.39436
-0.10117
-0.33721
0.80192
-0.99617
0.5763
0.38587
-0.99973
0.29643
0.90577
-0.4196
-0.95906
6.3462e-12
0.90963
0.84042
0.13775
-0.54837
-0.9159
-0.99973
-0.94991
-0.89094
-0.88529
-0.93775
-0.99644
-0.94699
-0.63728
0.003071
0.74356
0.97035
0.20731
-0.86756
-0.63728
0.75171
0.57127
-0.93775
0.039912
0.83875
-0.94991
0.47992
0.11033
-0.54837
0.78889
-0.88954
0.90963
-0.86603
0.72479
-0.4196
-0.085881
0.67889
-0.99973
0.60602
0.4196
-0.99617
0.11643
0.98391
-0.10117
-0.99302
-0.46095
0.55605
0.99856
0.74356
0.19227
-0.30522
-0.62298
-0.77936
-0.82686
-0.79078
-0.65137
-0.35736
0.11948
0.67889
0.99839
0.65834
-0.32562
-0.99887
-0.28173
0.9278
0.33142
-0.98847
0.17415
0.80008
-0.94991
0.4196
0.24321
-0.70548
0.92432
-0.99068
0.99973
-0.99872
0.97599
-0.86294
0.55605
0.003071
-0.67209
0.99914
-0.49066
-0.60112
0.93119
0.24023
-0.96808
-0.39436
0.76572
0.90577
0.13775
-0.65602
-0.98982
-0.90963
-0.6537
-0.41122
-0.27288
-0.26697
-0.39436
-0.63016
-0.89094
-0.99617
-0.70548
0.058315
0.86294
0.82858
-0.28468
-0.99228
0.10117
0.97599
-0.46095
-0.63728
0.98893
-0.50928
-0.21031
0.72901
-0.95819
0.99948
-0.97731
0.96808
-0.98847
0.9959
-0.88954
0.54064
0.095056
-0.7851
0.96078
-0.19829
-0.85825
0.67209
0.70111
-0.65137
-0.88529
0.11643
0.92432
0.86294
0.25808
-0.36881
-0.76769
-0.94297
-0.99228
-0.99872
-0.99302
-0.94699
-0.77936
-0.39153
0.22829
0.84374
0.93987
0.16507
-0.85825
-0.69672
0.65137
0.72479
-0.81458
-0.28173
0.98222
-0.72055
-0.0092128
0.63016
-0.93668
0.99948
-0.96078
0.92549
-0.93775
0.98391
-0.99068
0.82858
-0.36881
-0.35449
0.94699
-0.76769
-0.28468
0.99973
-0.10117
-0.99644
-0.073636
0.93119
0.72691
-0.17415
-0.85348
-0.98752
-0.74968
-0.41122
-0.14079
3.5252e-12
0
