0
-0.27905
-0.75023
-0.99207
-0.30843
0.89142
0.33752
-0.99792
0.68616
-0.15917
-0.15309
0.18339
0.067576
-0.5667
0.98868
-0.5818
-0.69062
0.65423
0.94439
0.32011
-0.29671
-0.60162
-0.64956
-0.46682
0.018443
0.72109
0.95405
-0.085965
-0.98868
0.47765
0.42834
-0.89142
0.99546
-1
0.98131
-0.78565
0.14702
0.77798
-0.80062
-0.62589
0.54627
0.99977
0.78565
0.47765
0.36629
0.50973
0.82911
0.99128
0.41719
-0.75831
-0.64956
0.91263
-0.14702
-0.54111
0.84591
-0.91758
0.85876
-0.5818
-0.073708
0.86807
-0.73791
-0.65423
0.5667
0.99792
0.68616
0.28495
0.10432
0.20149
0.55141
0.94836
0.81154
-0.27905
-0.97493
0.43388
0.57679
-0.98469
0.94836
-0.85876
0.89142
-0.99282
0.8711
-0.14093
-0.8711
0.5667
0.91758
0.067576
-0.67716
-0.95587
-0.99863
-0.99603
-0.91758
-0.53073
0.32011
0.99705
0.19547
-0.99943
0.40036
0.41719
-0.83593
0.95405
-0.95219
0.82566
-0.38906
-0.43941
0.99977
-0.12875
-1
-0.40599
0.43941
0.865
0.97628
0.98131
0.89963
0.54627
-0.24345
-0.97628
-0.38906
0.95587
-0.085965
-0.72956
0.99128
-0.97887
0.96606
-0.99943
0.88862
-0.29671
-0.69946
0.84591
0.59176
-0.55141
-0.99863
-0.82566
-0.5667
-0.49378
-0.65423
-0.92937
-0.92708
-0.14093
0.92708
0.33752
-0.99977
0.55141
0.098208
-0.47765
0.57679
-0.43388
1.8225e-13
0.66806
-0.98469
0.098208
0.99603
0.20149
-0.71252
-0.99792
-0.93384
-0.8711
-0.92937
-0.9992
-0.73791
0.15309
0.98868
0.17129
-0.99603
0.59176
0.11044
-0.54111
0.68167
-0.60162
0.25535
0.40036
-0.97887
0.51501
0.82911
-0.35483
-0.98868
-0.81154
-0.43941
-0.24345
-0.31427
-0.62589
-0.96763
-0.78565
0.29671
0.97628
-0.40599
-0.62108
0.99546
-0.9101
0.78565
-0.81154
0.95587
-0.95219
0.36057
0.72109
-0.7702
-0.75831
0.25535
0.88862
0.99705
0.94028
0.94439
0.9992
0.85876
0.17129
-0.82566
-0.67716
0.82218
0.18339
-0.86807
0.99792
-0.93384
0.92708
-0.99282
0.9101
-0.30843
-0.71682
0.81154
0.66806
-0.43388
-0.97493
-0.92476
-0.75023
-0.71682
-0.85876
-0.99977
-0.71252
0.28495
0.99656
-0.15917
-0.86807
0.91758
-0.49378
0.15309
-0.073708
0.27314
-0.69062
0.9992
-0.53073
-0.69946
0.68167
0.91263
0.18943
-0.46682
-0.7702
-0.83593
-0.72956
-0.35483
0.36629
0.98469
0.42834
-0.9101
-0.12875
0.89963
-0.96763
0.77798
-0.68167
0.77798
-0.96763
0.89963
-0.12875
-0.9101
0.42834
0.98469
0.36629
-0.35483
-0.72956
-0.83593
-0.7702
-0.46682
0.18943
0.91263
0.68167
-0.69946
-0.53073
0.9992
-0.69062
0.27314
-0.073708
0.15309
-0.49378
0.91758
-0.86807
-0.15917
0.99656
0.28495
-0.71252
-0.99977
-0.85876
-0.71682
-0.75023
-0.92476
-0.97493
-0.43388
0.66806
0.81154
-0.71682
-0.30843
0.9101
-0.99282
0.92708
-0.93384
0.99792
-0.86807
0.18339
0.82218
-0.67716
-0.82566
0.17129
0.85876
0.9992
0.94439
0.94028
0.99705
0.88862
0.25535
-0.75831
-0.7702
0.72109
0.36057
-0.95219
0.95587
-0.81154
0.78565
-0.9101
0.99546
-0.62108
-0.40599
0.97628
0.29671
-0.78565
-0.96763
-0.62589
-0.31427
-0.24345
-0.43941
-0.81154
-0.98868
-0.35483
0.82911
0.51501
-0.97887
0.40036
0.25535
-0.60162
0.68167
-0.54111
0.11044
0.59176
-0.99603
0.17129
0.98868
0.15309
-0.73791
-0.9992
-0.92937
-0.8711
-0.93384
-0.99792
-0.71252
0.20149
0.99603
0.098208
-0.98469
0.66806
3.9866e-12
-0.43388
0.57679
-0.47765
0.098208
0.55141
-0.99977
0.33752
0.92708
-0.14093
-0.92708
-0.92937
-0.65423
-0.49378
-0.5667
-0.82566
-0.99863
-0.55141
0.59176
0.84591
-0.69946
-0.29671
0.88862
-0.99943
0.96606
-0.97887
0.99128
-0.72956
-0.085965
0.95587
-0.38906
-0.97628
-0.24345
0.54627
0.89963
0.98131
0.97628
0.865
0.43941
-0.40599
-1
-0.12875
0.99977
-0.43941
-0.38906
0.82566
-0.95219
0.95405
-0.83593
0.41719
0.40036
-0.99943
0.19547
0.99705
0.32011
-0.53073
-0.91758
-0.99603
-0.99863
-0.95587
-0.67716
0.067576
0.91758
0.5667
-0.8711
-0.14093
0.8711
-0.99282
0.89142
-0.85876
0.94836
-0.98469
0.57679
0.43388
-0.97493
-0.27905
0.81154
0.94836
0.55141
0.20149
0.10432
0.28495
0.68616
0.99792
0.5667
-0.65423
-0.73791
0.86807
-0.073708
-0.5818
0.85876
-0.91758
0.84591
-0.54111
-0.14702
0.91263
-0.64956
-0.75831
0.41719
0.99128
0.82911
0.50973
0.36629
0.47765
0.78565
0.99977
0.54627
-0.62589
-0.80062
0.77798
0.14702
-0.78565
0.98131
-1
0.99546
-0.89142
0.42834
0.47765
-0.98868
-0.085965
0.95405
0.72109
0.018443
-0.46682
-0.64956
-0.60162
-0.29671
0.32011
0.94439
0.65423
-0.69062
-0.5818
0.98868
-0.5667
0.067576
0.18339
-0.15309
-0.15917
0.68616
-0.99792
0.33752
0.89142
-0.30843
-0.99207
-0.75023
-0.27905
2.6412e-13
0
