1
0.99004
0.91154
0.6618
0.1575
-0.52112
-0.98472
-0.68674
0.36452
0.99729
0.084351
-0.99487
0.02303
0.95862
-0.64083
-0.32126
0.93506
-0.9295
0.55987
-0.13623
-0.17869
0.34731
-0.37878
0.27731
-0.032239
-0.35018
0.77647
-0.99996
0.69341
0.18774
-0.95949
0.58006
0.68897
-0.75876
-0.71735
0.51324
0.98628
0.34154
-0.53676
-0.97359
-0.92016
-0.62657
-0.32126
-0.11796
-0.050649
-0.12405
-0.33287
-0.64083
-0.9295
-0.96612
-0.50531
0.38162
0.9932
0.46504
-0.75876
-0.71305
0.74047
0.51324
-0.98014
0.27731
0.61937
-0.99547
0.84125
-0.45686
0.090469
0.15143
-0.25065
0.21182
-0.032239
-0.28615
0.6845
-0.97763
0.8606
-0.14839
-0.77063
0.88742
0.21781
-0.99487
-0.12405
0.95862
0.55987
-0.50531
-0.9983
-0.70873
-0.087411
0.45413
0.77647
0.91896
0.96371
0.96205
0.91154
0.75675
0.41542
-0.14231
-0.75474
-0.99047
-0.42378
0.64318
0.91896
-0.25065
-0.97072
0.36452
0.79916
-0.87135
0.041446
0.74047
-1
0.83115
-0.50531
0.21781
-0.050649
0.02303
-0.13623
0.38162
-0.70873
0.96997
-0.90771
0.31252
0.59989
-0.98472
0.15143
0.94348
-0.37309
-0.95949
0.047582
0.9455
0.75272
-0.056782
-0.73424
-0.99284
-0.93397
-0.75876
-0.61211
-0.56241
-0.62657
-0.78224
-0.95228
-0.98134
-0.66867
0.053716
0.83115
0.88742
-0.11796
-0.99487
-0.17869
0.9932
-0.087411
-0.90771
0.79545
0.02303
-0.73424
0.99631
-0.90771
0.68897
-0.5
0.41542
-0.45686
0.61453
-0.83624
0.9939
-0.87731
0.31252
0.54451
-0.9992
0.34731
0.82076
-0.65949
-0.77063
0.49734
0.97828
0.24172
-0.66867
-1
-0.77063
-0.32126
0.084351
0.34731
0.46504
0.45413
0.31252
0.02303
-0.4014
-0.83624
-0.99047
-0.54193
0.41542
1
0.28321
-0.90771
-0.42378
0.95505
0.02303
-0.92255
0.81724
-0.087411
-0.59743
0.94143
-0.99487
0.91896
-0.84291
0.83115
-0.89163
0.97828
-0.98134
0.74047
-0.14839
-0.62657
0.99729
-0.37878
-0.75876
0.77647
0.59989
-0.73424
-0.83624
0.19377
0.9455
0.84125
0.23576
-0.37309
-0.75876
-0.93175
-0.98472
-0.99284
-0.97891
-0.90771
-0.69562
-0.25659
0.38162
0.92607
0.85428
-0.050649
-0.95414
-0.49467
0.83115
0.49734
-0.95228
0.041446
0.8606
-0.92016
0.36452
0.27731
-0.71305
0.91896
-0.98472
0.99631
-0.99047
0.9455
-0.78605
0.41542
0.18774
-0.8119
0.96205
-0.25065
-0.801
0.77647
0.54451
-0.81901
-0.70873
0.44865
0.99998
0.55987
-0.23277
-0.79731
-0.99487
-0.95414
-0.84291
-0.77063
-0.78224
-0.87135
-0.97763
-0.97359
-0.68674
-0.032239
0.74047
0.96371
0.15143
-0.90771
-0.54193
0.84125
0.41542
-0.9896
0.27731
0.6618
-0.99988
0.74047
-0.25065
-0.18473
0.46504
-0.59743
0.60967
-0.50531
0.25956
0.14535
-0.64083
0.98307
-0.79731
-0.050649
0.91896
-0.65949
-0.62657
0.79916
0.6845
-0.53676
-0.98472
-0.35018
0.51324
0.96205
0.94348
0.68897
0.41542
0.23576
0.18774
0.27731
0.492
0.77647
0.98628
0.88169
0.27731
-0.61211
-0.98577
-0.17869
0.92607
0.43763
-0.9295
-0.16053
0.98075
-0.64083
-0.23277
0.85428
-0.99487
0.82076
-0.56241
0.36452
-0.28615
0.34154
-0.52112
0.77647
-0.98014
0.91154
-0.37309
-0.5
1
-0.37309
-0.8119
0.6618
0.77647
-0.47858
-0.98472
-0.28615
0.62418
0.99729
0.82076
0.40982
0.02303
-0.23277
-0.34442
-0.32126
-0.16053
0.14535
0.55987
0.92607
0.94143
0.34731
-0.61211
-0.97072
-0.032239
0.98628
0.1575
-0.99996
0.27731
0.75675
-0.95949
0.41542
0.28321
-0.75876
0.96205
-0.99988
0.98628
-0.98472
0.99908
-0.97359
0.79916
-0.36166
-0.32126
0.91896
-0.83959
-0.12405
0.98307
-0.34442
-0.9295
0.25956
0.99998
0.38162
-0.59743
-0.9992
-0.75876
-0.25065
0.21182
0.51324
0.6618
0.69341
0.61937
0.41542
0.047582
-0.45686
-0.90771
-0.93175
-0.25065
0.74047
0.88169
-0.28615
-0.97359
0.30668
0.8606
-0.78224
-0.16659
0.88742
-0.95414
0.58505
-0.12405
-0.23277
0.43763
-0.50531
0.44865
-0.25659
-0.087411
0.54451
-0.93397
0.91896
-0.25065
-0.71735
0.91154
0.18774
-0.99547
-0.14231
0.9455
0.61453
-0.42378
-0.98472
-0.801
-0.25065
0.27731
0.62418
0.79916
0.8606
0.84456
0.74047
0.49734
0.065978
-0.50531
-0.95414
-0.83959
0.02303
0.92607
0.60967
-0.70873
-0.69562
0.81724
0.31252
-0.99284
0.64318
0.15143
-0.75876
0.99004
-0.95949
0.84125
-0.75474
0.75272
-0.83624
0.95505
-0.99284
0.77647
-0.18473
-0.61211
0.99729
-0.36166
-0.78224
0.74047
0.65718
-0.66867
-0.89163
0.065978
0.88742
0.91896
0.40982
-0.17869
-0.59743
-0.81901
-0.90771
-0.92255
-0.87731
-0.73424
-0.42378
0.090469
0.68897
1
0.58006
-0.45686
-0.99047
-0.056782
0.9939
0.02303
-0.97891
0.54451
0.46504
-0.98577
0.82076
-0.32126
-0.16659
0.49734
-0.66867
0.71948
-0.66867
0.49734
-0.16659
-0.32126
0.82076
-0.98577
0.46504
0.54451
-0.97891
0.02303
0.9939
-0.056782
-0.99047
-0.45686
0.58006
1
0.68897
0.090469
-0.42378
-0.73424
-0.87731
-0.92255
-0.90771
-0.81901
-0.59743
-0.17869
0.40982
0.91896
0.88742
0.065978
-0.89163
-0.66867
0.65718
0.74047
-0.78224
-0.36166
0.99729
-0.61211
-0.18473
0.77647
-0.99284
0.95505
-0.83624
0.75272
-0.75474
0.84125
-0.95949
0.99004
-0.75876
0.15143
0.64318
-0.99284
0.31252
0.81724
-0.69562
-0.70873
0.60967
0.92607
0.02303
-0.83959
-0.95414
-0.50531
0.065978
0.49734
0.74047
0.84456
0.8606
0.79916
0.62418
0.27731
-0.25065
-0.801
-0.98472
-0.42378
0.61453
0.9455
-0.14231
-0.99547
0.18774
0.91154
-0.71735
-0.25065
0.91896
-0.93397
0.54451
-0.087411
-0.25659
0.44865
-0.50531
0.43763
-0.23277
-0.12405
0.58505
-0.95414
0.88742
-0.16659
-0.78224
0.8606
0.30668
-0.97359
-0.28615
0.88169
0.74047
-0.25065
-0.93175
-0.90771
-0.45686
0.047582
0.41542
0.61937
0.69341
0.6618
0.51324
0.21182
-0.25065
-0.75876
-0.9992
-0.59743
0.38162
0.99998
0.25956
-0.9295
-0.34442
0.98307
-0.12405
-0.83959
0.91896
-0.32126
-0.36166
0.79916
-0.97359
0.99908
-0.98472
0.98628
-0.99988
0.96205
-0.75876
0.28321
0.41542
-0.95949
0.75675
0.27731
-0.99996
0.1575
0.98628
-0.032239
-0.97072
-0.61211
0.34731
0.94143
0.92607
0.55987
0.14535
-0.16053
-0.32126
-0.34442
-0.23277
0.02303
0.40982
0.82076
0.99729
0.62418
-0.28615
-0.98472
-0.47858
0.77647
0.6618
-0.8119
-0.37309
1
-0.5
-0.37309
0.91154
-0.98014
0.77647
-0.52112
0.34154
-0.28615
0.36452
-0.56241
0.82076
-0.99487
0.85428
-0.23277
-0.64083
0.98075
-0.16053
-0.9295
0.43763
0.92607
-0.17869
-0.98577
-0.61211
0.27731
0.88169
0.98628
0.77647
0.492
0.27731
0.18774
0.23576
0.41542
0.68897
0.94348
0.96205
0.51324
-0.35018
-0.98472
-0.53676
0.6845
0.79916
-0.62657
-0.65949
0.91896
-0.050649
-0.79731
0.98307
-0.64083
0.14535
0.25956
-0.50531
0.60967
-0.59743
0.46504
-0.18473
-0.25065
0.74047
-0.99988
0.6618
0.27731
-0.9896
0.41542
0.84125
-0.54193
-0.90771
0.15143
0.96371
0.74047
-0.032239
-0.68674
-0.97359
-0.97763
-0.87135
-0.78224
-0.77063
-0.84291
-0.95414
-0.99487
-0.79731
-0.23277
0.55987
0.99998
0.44865
-0.70873
-0.81901
0.54451
0.77647
-0.801
-0.25065
0.96205
-0.8119
0.18774
0.41542
-0.78605
0.9455
-0.99047
0.99631
-0.98472
0.91896
-0.71305
0.27731
0.36452
-0.92016
0.8606
0.041446
-0.95228
0.49734
0.83115
-0.49467
-0.95414
-0.050649
0.85428
0.92607
0.38162
-0.25659
-0.69562
-0.90771
-0.97891
-0.99284
-0.98472
-0.93175
-0.75876
-0.37309
0.23576
0.84125
0.9455
0.19377
-0.83624
-0.73424
0.59989
0.77647
-0.75876
-0.37878
0.99729
-0.62657
-0.14839
0.74047
-0.98134
0.97828
-0.89163
0.83115
-0.84291
0.91896
-0.99487
0.94143
-0.59743
-0.087411
0.81724
-0.92255
0.02303
0.95505
-0.42378
-0.90771
0.28321
1
0.41542
-0.54193
-0.99047
-0.83624
-0.4014
0.02303
0.31252
0.45413
0.46504
0.34731
0.084351
-0.32126
-0.77063
-1
-0.66867
0.24172
0.97828
0.49734
-0.77063
-0.65949
0.82076
0.34731
-0.9992
0.54451
0.31252
-0.87731
0.9939
-0.83624
0.61453
-0.45686
0.41542
-0.5
0.68897
-0.90771
0.99631
-0.73424
0.02303
0.79545
-0.90771
-0.087411
0.9932
-0.17869
-0.99487
-0.11796
0.88742
0.83115
0.053716
-0.66867
-0.98134
-0.95228
-0.78224
-0.62657
-0.56241
-0.61211
-0.75876
-0.93397
-0.99284
-0.73424
-0.056782
0.75272
0.9455
0.047582
-0.95949
-0.37309
0.94348
0.15143
-0.98472
0.59989
0.31252
-0.90771
0.96997
-0.70873
0.38162
-0.13623
0.02303
-0.050649
0.21781
-0.50531
0.83115
-1
0.74047
0.041446
-0.87135
0.79916
0.36452
-0.97072
-0.25065
0.91896
0.64318
-0.42378
-0.99047
-0.75474
-0.14231
0.41542
0.75675
0.91154
0.96205
0.96371
0.91896
0.77647
0.45413
-0.087411
-0.70873
-0.9983
-0.50531
0.55987
0.95862
-0.12405
-0.99487
0.21781
0.88742
-0.77063
-0.14839
0.8606
-0.97763
0.6845
-0.28615
-0.032239
0.21182
-0.25065
0.15143
0.090469
-0.45686
0.84125
-0.99547
0.61937
0.27731
-0.98014
0.51324
0.74047
-0.71305
-0.75876
0.46504
0.9932
0.38162
-0.50531
-0.96612
-0.9295
-0.64083
-0.33287
-0.12405
-0.050649
-0.11796
-0.32126
-0.62657
-0.92016
-0.97359
-0.53676
0.34154
0.98628
0.51324
-0.71735
-0.75876
0.68897
0.58006
-0.95949
0.18774
0.69341
-0.99996
0.77647
-0.35018
-0.032239
0.27731
-0.37878
0.34731
-0.17869
-0.13623
0.55987
-0.9295
0.93506
-0.32126
-0.64083
0.95862
0.02303
-0.99487
0.084351
0.99729
0.36452
-0.68674
-0.98472
-0.52112
0.1575
0.6618
0.91154
0.99004
1
0
