1
0.96028
0.66117
-0.1257
-0.95125
-0.45317
0.94132
-0.064508
-0.72745
0.98725
-0.98821
0.98304
-0.99771
0.82392
-0.15006
-0.81333
0.72322
0.7563
-0.32883
-0.94738
-0.95497
-0.79878
-0.76031
-0.88435
-0.99983
-0.69284
0.29965
0.9963
-0.15006
-0.87855
0.90362
-0.45317
0.095149
-0.003074
0.19245
-0.61867
0.98913
-0.62828
-0.59917
0.77991
0.83761
0.021516
-0.61867
-0.87855
-0.9305
-0.86033
-0.55908
0.1318
0.90882
0.6519
-0.76031
-0.40879
0.98913
-0.84095
0.53333
-0.39754
0.51237
-0.81333
0.99728
-0.49645
-0.6749
0.7563
0.82392
-0.064508
-0.72745
-0.95854
-0.99454
-0.97949
-0.83423
-0.31719
0.5843
0.96028
-0.22252
-0.90097
0.81689
-0.17432
-0.31719
0.51237
-0.45317
0.1196
0.4911
-0.99002
0.4911
0.82392
-0.39754
-0.99771
-0.73583
-0.29378
-0.052234
-0.089027
-0.39754
-0.84754
-0.94738
-0.076774
0.98071
0.033807
-0.91636
0.90882
-0.54884
0.29965
-0.30551
0.56417
-0.92121
0.89828
0.021516
-0.99168
-0.003074
0.91388
0.89828
0.50177
0.21652
0.19245
0.43665
0.83761
0.96991
0.21652
-0.92121
-0.29378
0.9963
-0.68392
0.1318
0.2045
-0.25832
0.033807
0.45864
-0.95497
0.71467
0.53333
-0.80612
-0.83423
-0.052234
0.56417
0.82392
0.86959
0.7563
0.36915
-0.37486
-0.99002
-0.37486
0.94132
0.021516
-0.83423
0.99517
-0.87855
0.81689
-0.90097
1
-0.7441
-0.17432
0.99517
-0.089027
-0.97949
-0.70165
-0.064508
0.3577
0.4911
0.36915
-0.039951
-0.6749
-0.98821
-0.15006
0.98522
-0.089027
-0.80612
0.99388
-0.84095
0.73166
-0.79878
0.96685
-0.91636
0.2045
0.85718
-0.55908
-0.93493
-0.15006
0.5843
0.89828
0.96991
0.94933
0.77991
0.25238
-0.61867
-0.95497
0.21652
0.91388
-0.78374
0.095149
0.4144
-0.61867
0.5843
-0.29378
-0.30551
0.93273
-0.69284
-0.6378
0.6519
0.96685
0.45864
-0.076774
-0.34041
-0.32883
-0.039951
0.51237
0.98522
0.56417
-0.73583
-0.56923
0.98304
-0.49645
-0.064508
0.3577
-0.37486
0.1196
0.4144
-0.95125
0.69726
0.5843
-0.7441
-0.90097
-0.22252
0.38055
0.66117
0.69726
0.51237
0.021516
-0.70165
-0.95854
0.082902
0.98725
-0.49645
-0.39754
0.86959
-0.98821
0.99728
-0.96197
0.72322
-0.039951
-0.84754
0.71467
0.73166
-0.40879
-0.98189
-0.88435
-0.6378
-0.54884
-0.68392
-0.93493
-0.9305
-0.17432
0.90362
0.4144
-0.99168
0.43665
0.25238
-0.62828
0.73166
-0.62828
0.25238
0.43665
-0.99168
0.4144
0.90362
-0.17432
-0.9305
-0.93493
-0.68392
-0.54884
-0.6378
-0.88435
-0.98189
-0.40879
0.73166
0.71467
-0.84754
-0.039951
0.72322
-0.96197
0.99728
-0.98821
0.86959
-0.39754
-0.49645
0.98725
0.082902
-0.95854
-0.70165
0.021516
0.51237
0.69726
0.66117
0.38055
-0.22252
-0.90097
-0.7441
0.5843
0.69726
-0.95125
0.4144
0.1196
-0.37486
0.3577
-0.064508
-0.49645
0.98304
-0.56923
-0.73583
0.56417
0.98522
0.51237
-0.039951
-0.32883
-0.34041
-0.076774
0.45864
0.96685
0.6519
-0.6378
-0.69284
0.93273
-0.30551
-0.29378
0.5843
-0.61867
0.4144
0.095149
-0.78374
0.91388
0.21652
-0.95497
-0.61867
0.25238
0.77991
0.94933
0.96991
0.89828
0.5843
-0.15006
-0.93493
-0.55908
0.85718
0.2045
-0.91636
0.96685
-0.79878
0.73166
-0.84095
0.99388
-0.80612
-0.089027
0.98522
-0.15006
-0.98821
-0.6749
-0.039951
0.36915
0.4911
0.3577
-0.064508
-0.70165
-0.97949
-0.089027
0.99517
-0.17432
-0.7441
1
-0.90097
0.81689
-0.87855
0.99517
-0.83423
0.021516
0.94132
-0.37486
-0.99002
-0.37486
0.36915
0.7563
0.86959
0.82392
0.56417
-0.052234
-0.83423
-0.80612
0.53333
0.71467
-0.95497
0.45864
0.033807
-0.25832
0.2045
0.1318
-0.68392
0.9963
-0.29378
-0.92121
0.21652
0.96991
0.83761
0.43665
0.19245
0.21652
0.50177
0.89828
0.91388
-0.003074
-0.99168
0.021516
0.89828
-0.92121
0.56417
-0.30551
0.29965
-0.54884
0.90882
-0.91636
0.033807
0.98071
-0.076774
-0.94738
-0.84754
-0.39754
-0.089027
-0.052234
-0.29378
-0.73583
-0.99771
-0.39754
0.82392
0.4911
-0.99002
0.4911
0.1196
-0.45317
0.51237
-0.31719
-0.17432
0.81689
-0.90097
-0.22252
0.96028
0.5843
-0.31719
-0.83423
-0.97949
-0.99454
-0.95854
-0.72745
-0.064508
0.82392
0.7563
-0.6749
-0.49645
0.99728
-0.81333
0.51237
-0.39754
0.53333
-0.84095
0.98913
-0.40879
-0.76031
0.6519
0.90882
0.1318
-0.55908
-0.86033
-0.9305
-0.87855
-0.61867
0.021516
0.83761
0.77991
-0.59917
-0.62828
0.98913
-0.61867
0.19245
-0.003074
0.095149
-0.45317
0.90362
-0.87855
-0.15006
0.9963
0.29965
-0.69284
-0.99983
-0.88435
-0.76031
-0.79878
-0.95497
-0.94738
-0.32883
0.7563
0.72322
-0.81333
-0.15006
0.82392
-0.99771
0.98304
-0.98821
0.98725
-0.72745
-0.064508
0.94132
-0.45317
-0.95125
-0.1257
0.66117
0.96028
1
0
